411.9928	294810
415.4942	291945
418.9943	295695
422.4929	293895
425.9901	291660
429.486	285360
432.9804	297375
436.4734	291030
439.965	298290
443.4551	297615
446.9439	294600
450.4313	293310
453.9173	294510
457.4019	296385
460.885	299850
464.3668	303360
467.8471	299925
471.3261	296535
474.8036	302310
478.2798	296940
481.7546	304620
485.228	302910
488.6999	300570
492.1705	298830
495.6397	299085
499.1075	293760
502.5739	303390
506.0389	299985
509.5025	300870
512.9647	296595
516.4255	311085
519.8849	303405
523.343	305550
526.7997	307470
530.2549	298830
533.7089	300960
537.1613	291060
540.6125	302385
544.0622	296805
547.5106	303180
550.9575	298485
554.4031	292785
557.8473	295905
561.2901	297315
564.7316	296085
568.1716	290535
571.6104	295890
575.0476	295455
578.4836	295710
581.9182	293400
585.3513	292965
588.7831	295470
592.2136	290205
595.6426	290970
599.0703	296805
602.4966	292635
605.9216	288315
609.3452	295470
612.7673	291405
616.1882	283710
619.6077	284535
623.0258	280110
626.4425	283320
629.8579	283035
633.2719	281490
636.6846	282345
640.0958	281685
643.5058	274485
646.9143	275010
650.3215	274890
653.7274	276540
657.1318	274710
660.535	277680
663.9368	280035
667.3372	277515
670.7362	278175
674.1339	286920
677.5302	285180
680.9252	286965
684.3188	285645
687.7111	292470
691.1021	296445
694.4916	292665
697.8799	304560
701.2668	302805
704.6523	298545
708.0364	304395
711.4193	299325
714.8008	311280
718.1809	310350
721.5598	305940
724.9372	308955
728.3133	307215
731.688	310245
735.0615	304980
738.4335	303315
741.8043	306585
745.1737	304695
748.5417	301830
751.9085	296040
755.2739	295545
758.6379	302055
762.0006	300435
765.362	298845
768.722	296610
772.0807	297780
775.4381	291525
778.7941	295290
782.1489	299190
785.5023	293550
788.8543	297360
792.205	299865
795.5544	298035
798.9025	309660
802.2492	305835
805.5946	308010
808.9387	310380
812.2814	311250
815.6229	305415
818.963	310290
822.3018	301170
825.6392	302490
828.9753	305640
832.3101	312555
835.6436	307260
838.9758	307320
842.3066	309105
845.6362	314940
848.9644	307830
852.2913	311340
855.6169	315210
858.9412	313290
862.2641	313140
865.5858	312495
868.9061	310485
872.2251	309210
875.5428	309810
878.8592	311400
882.1743	311505
885.488	304050
888.8005	306375
892.1117	307260
895.4215	310650
898.73	302220
902.0373	304530
905.3432	306735
908.6478	311940
911.9512	312645
915.2532	317715
918.5539	316470
921.8533	308355
925.1514	297285
928.4482	303480
931.7437	302340
935.038	301665
938.3309	304125
941.6225	295485
944.9128	303705
948.2018	300060
951.4896	292335
954.776	300240
958.0611	303540
961.345	304620
964.6275	300060
967.9088	305850
971.1887	305235
974.4674	302640
977.7448	310110
981.0209	309315
984.2957	310230
987.5692	309795
990.8414	305910
994.1124	311565
997.382	316920
1000.65	320325
1003.917	317190
1007.183	316455
1010.448	314565
1013.711	316815
1016.973	316155
1020.234	311820
1023.493	316230
1026.751	317535
1030.008	312495
1033.264	314040
1036.518	312465
1039.771	312135
1043.023	308610
1046.273	312945
1049.522	307935
1052.77	307635
1056.017	308790
1059.262	307065
1062.506	306690
1065.749	309420
1068.991	308385
1072.231	312795
1075.47	312150
1078.708	315780
1081.944	318990
1085.179	313935
1088.413	321705
1091.646	317100
1094.877	326265
1098.107	320595
1101.336	330120
1104.564	331230
1107.79	338520
1111.015	339780
1114.239	353010
1117.462	349455
1120.683	347850
1123.903	348045
1127.122	348585
1130.339	362640
1133.556	365400
1136.771	366030
1139.984	366405
1143.197	371310
1146.408	374010
1149.618	384660
1152.827	387435
1156.034	391830
1159.24	388050
1162.445	377595
1165.649	375945
1168.852	381405
1172.053	365730
1175.253	373395
1178.452	367800
1181.649	369300
1184.845	374190
1188.04	370350
1191.234	372840
1194.427	361245
1197.618	365205
1200.808	357150
1203.997	359760
1207.184	360750
1210.37	356415
1213.556	355260
1216.739	355890
1219.922	350250
1223.103	352050
1226.283	350415
1229.462	349185
1232.64	343965
1235.816	351855
1238.991	347940
1242.165	347265
1245.338	355905
1248.509	366690
1251.68	358605
1254.849	363390
1258.016	363675
1261.183	368880
1264.348	369585
1267.512	371610
1270.675	371040
1273.837	371820
1276.997	386580
1280.156	389445
1283.314	391875
1286.471	403935
1289.626	419925
1292.781	413805
1295.934	413460
1299.085	402645
1302.236	399180
1305.385	402465
1308.533	393870
1311.68	393045
1314.826	389610
1317.971	391845
1321.114	400335
1324.256	392460
1327.397	398655
1330.536	403365
1333.675	402000
1336.812	401595
1339.948	409800
1343.083	412170
1346.216	412455
1349.348	417450
1352.479	417510
1355.609	417495
1358.738	416745
1361.866	417315
1364.992	413460
1368.117	413715
1371.241	408570
1374.363	407220
1377.485	407910
1380.605	400065
1383.724	395385
1386.842	387375
1389.958	385245
1393.074	381525
1396.188	381570
1399.301	377640
1402.413	379695
1405.524	375630
1408.633	373635
1411.741	376215
1414.848	377925
1417.954	374190
1421.058	380175
1424.162	377430
1427.264	377175
1430.365	370440
1433.465	380085
1436.564	389280
1439.661	389100
1442.757	393150
1445.852	396495
1448.946	397140
1452.039	393840
1455.13	385230
1458.221	380970
1461.31	378120
1464.397	380940
1467.484	371430
1470.57	380070
1473.654	372315
1476.737	373275
1479.819	368550
1482.9	368715
1485.979	365820
1489.058	371280
1492.135	374805
1495.211	369915
1498.286	371985
1501.36	367395
1504.432	367500
1507.504	365775
1510.574	371790
1513.643	370890
1516.71	377055
1519.777	375510
1522.842	377055
1525.907	378450
1528.97	378885
1532.032	388410
1535.092	388875
1538.152	392640
1541.21	397785
1544.267	395715
1547.323	401175
1550.378	398205
1553.432	397560
1556.484	393990
1559.536	401070
1562.586	411870
1565.635	400920
1568.683	413925
1571.729	418980
1574.775	423810
1577.819	425085
1580.862	431850
1583.904	441750
1586.945	447150
1589.985	441045
1593.023	448020
1596.061	456210
1599.097	452400
1602.132	446520
1605.166	444390
1608.198	446940
1611.23	446055
1614.26	442125
1617.29	452940
1620.318	445305
1623.344	439350
1626.37	432075
1629.395	424170
1632.418	422475
1635.441	405210
1638.462	386295
1641.482	383895
1644.5	373515
1647.518	357720
1650.535	352260
1653.55	350490
1656.564	339030
1659.577	343200
1662.589	329625
1665.6	328845
1668.609	331275
1671.618	327630
1674.625	320025
1677.631	327180
1680.636	326415
1683.64	324045
1686.643	323595
1689.645	320685
1692.645	319995
1695.644	323745
1698.643	317325
1701.64	320280
1704.635	316110
1707.63	319680
1710.624	325110
1713.616	315705
1716.608	316710
1719.598	322965
1722.587	313530
1725.575	312480
1728.561	315360
1731.547	318855
1734.531	306960
1737.515	313455
1740.497	311115
1743.478	311790
1746.458	313785
1749.437	303030
1752.415	310395
1755.391	302850
1758.367	302700
1761.341	299280
1764.314	302235
1767.286	298470
1770.257	302370
1773.227	297000
1776.195	299655
1779.163	302325
1782.129	298410
1785.095	293685
1788.059	298260
1791.022	300885
1793.984	295095
1796.945	291885
1799.904	289455
1802.863	295215
1805.82	289770
1808.776	295725
1811.732	286950
1814.686	289440
1817.639	288300
1820.59	292110
1823.541	290790
1826.491	283530
1829.439	289575
1832.386	285975
1835.333	290085
1838.278	288330
1841.222	286995
1844.165	290355
1847.106	291855
1850.047	283575
1852.987	282690
1855.925	283005
1858.862	288795
1861.799	283395
1864.734	284895
1867.668	288345
1870.601	283275
1873.532	281640
1876.463	287595
1879.393	284910
1882.321	294060
1885.248	286605
1888.175	276645
1891.1	285825
1894.024	288960
1896.947	285180
1899.869	284265
1902.789	294855
1905.709	286935
1908.627	290160
1911.545	286620
1914.461	283890
1917.376	287745
1920.291	288390
1923.203	287895
1926.115	285210
1929.026	289740
1931.936	289140
1934.845	285150
1937.752	296205
1940.659	287850
1943.564	288015
1946.468	289065
1949.371	283185
1952.273	284685
1955.174	289365
1958.074	288030
1960.973	294810
1963.871	293880
1966.767	282630
1969.663	291495
1972.557	287190
1975.451	287385
1978.343	291060
1981.234	295215
1984.124	287355
1987.013	287940
1989.901	287460
1992.788	288945
1995.673	288465
1998.558	292050
2001.442	292185
2004.324	292020
2007.206	289770
2010.086	297480
2012.965	283800
2015.843	290460
2018.72	288990
2021.596	287775
2024.471	290235
2027.345	290265
2030.218	290130
2033.089	285900
2035.96	282420
2038.83	289845
2041.698	286290
2044.565	289830
2047.432	285960
2050.297	288870
2053.161	286395
2056.024	283785
2058.886	285375
2061.747	282225
2064.607	287205
2067.466	282240
2070.323	280380
2073.18	293160
2076.036	287685
2078.89	285975
2081.743	288240
2084.596	290190
2087.447	284880
2090.297	286530
2093.146	280365
2095.995	281700
2098.842	281580
2101.688	277770
2104.532	284715
2107.376	286530
2110.219	278775
2113.061	279885
2115.902	280260
2118.741	279930
2121.58	282930
2124.417	281805
2127.254	276660
2130.089	277170
2132.923	281505
2135.756	277980
2138.589	273780
2141.42	278625
2144.25	282375
2147.079	279015
2149.907	277920
2152.734	276450
2155.56	268170
2158.384	273750
2161.208	280350
2164.031	272670
2166.852	276435
2169.673	276075
2172.492	276015
2175.311	276000
2178.128	281940
2180.945	271530
2183.76	274575
2186.574	275925
2189.387	280275
2192.2	270705
2195.011	274455
2197.821	272505
2200.63	278730
2203.438	277410
2206.245	275925
2209.051	280215
2211.856	279300
2214.659	277695
2217.462	275970
2220.264	282750
2223.065	280905
2225.864	279945
2228.663	276765
2231.46	282870
2234.257	283290
2237.052	289050
2239.847	283110
2242.64	285480
2245.433	283905
2248.224	287940
2251.014	292035
2253.803	289950
2256.592	290010
2259.379	293505
2262.165	289290
2264.95	292815
2267.734	291345
2270.517	291300
2273.299	288225
2276.08	292290
2278.86	291090
2281.639	291960
2284.417	293340
2287.194	293565
2289.97	302265
2292.745	293580
2295.519	297165
2298.291	296670
2301.063	298140
2303.833	301785
2306.603	294585
2309.372	292605
2312.14	295650
2314.906	291870
2317.672	294825
2320.436	296745
2323.2	297075
2325.962	295380
2328.724	294480
2331.484	300435
2334.244	294435
2337.002	291720
2339.76	296865
2342.516	292575
2345.271	286440
2348.025	286545
2350.779	288495
2353.531	285705
2356.282	292560
2359.033	286845
2361.782	285570
2364.53	289275
2367.277	288765
2370.023	287370
2372.769	287715
2375.513	281085
2378.256	282225
2380.998	284370
2383.739	283200
2386.479	281490
2389.219	281955
2391.957	279675
2394.694	276090
2397.43	277530
2400.165	274950
2402.899	280500
2405.632	274815
2408.364	279915
2411.095	277305
2413.825	278580
2416.554	277830
2419.282	283995
2422.009	282210
2424.735	281025
2427.46	282135
2430.184	275130
2432.907	282000
2435.629	277245
2438.35	281130
2441.07	279495
2443.789	282120
2446.507	281700
2449.224	285600
2451.94	280785
2454.655	282465
2457.369	276480
2460.082	276840
2462.794	281115
2465.505	286860
2468.215	282555
2470.924	279645
2473.632	283680
2476.339	276315
2479.045	281325
2481.75	281430
2484.454	284325
2487.157	282135
2489.859	278670
2492.56	279735
2495.26	279120
2497.959	278025
2500.657	280875
2503.354	277290
2506.051	278685
2508.746	283320
2511.44	281040
2514.133	278850
2516.825	280500
2519.516	279090
2522.207	279915
2524.896	273780
2527.584	270465
2530.271	277665
2532.957	276480
2535.643	282090
2538.327	273660
2541.01	273705
2543.692	269580
2546.374	272565
2549.054	276555
2551.733	274095
2554.412	272310
2557.089	274095
2559.765	271935
2562.441	269040
2565.115	272640
2567.789	270285
2570.461	269385
2573.133	267525
2575.803	271845
2578.473	269970
2581.141	264270
2583.809	267780
2586.476	265140
2589.141	262230
2591.806	262905
2594.469	265530
2597.132	266775
2599.794	267195
2602.455	261000
2605.115	263415
2607.773	268935
2610.431	262500
2613.088	259545
2615.744	268785
2618.399	269145
2621.053	269460
2623.706	274380
2626.358	272805
2629.009	270480
2631.659	266715
2634.308	274395
2636.957	273075
2639.604	274200
2642.25	280530
2644.895	273150
2647.54	276795
2650.183	278145
2652.825	277365
2655.467	277605
2658.107	278415
2660.747	278745
2663.385	272955
2666.023	286650
2668.659	279255
2671.295	277485
2673.93	287295
2676.563	286410
2679.196	288360
2681.828	290085
2684.459	288135
2687.089	288315
2689.718	290265
2692.346	287325
2694.973	286170
2697.599	293400
2700.224	294495
2702.848	292710
2705.471	291615
2708.094	289530
2710.715	288630
2713.335	293175
2715.955	298980
2718.573	299100
2721.191	288315
2723.807	289920
2726.423	293235
2729.038	292365
2731.651	288960
2734.264	296475
2736.876	288465
2739.487	285315
2742.096	284970
2744.705	287940
2747.313	286515
2749.92	286575
2752.527	282645
2755.132	286965
2757.736	280440
2760.339	276645
2762.942	270585
2765.543	278580
2768.144	275085
2770.743	279660
2773.342	273705
2775.939	272520
2778.536	273585
2781.132	276495
2783.726	272850
2786.32	261210
2788.913	265695
2791.505	259395
2794.096	261120
2796.686	260745
2799.275	259950
2801.864	269790
2804.451	258510
2807.037	261615
2809.623	263820
2812.207	253515
2814.791	258330
2817.373	260280
2819.955	255975
2822.536	261045
2825.115	259290
2827.694	260385
2830.272	258525
2832.849	255930
2835.426	255225
2838.001	258120
2840.575	262155
2843.148	259410
2845.72	258960
2848.292	258495
2850.862	259140
2853.432	263685
2856.001	269115
2858.568	258960
2861.135	262065
2863.701	267285
2866.266	268005
2868.83	265965
2871.393	270525
2873.955	261720
2876.516	269415
2879.077	259530
2881.636	265560
2884.195	272955
2886.752	271455
2889.309	269085
2891.865	272610
2894.419	272250
2896.973	271080
2899.526	272250
2902.078	276135
2904.629	274845
2907.179	273225
2909.729	270000
2912.277	279075
2914.824	277740
2917.371	268875
2919.917	275220
2922.461	272925
2925.005	284640
2927.548	280725
2930.09	279300
2932.631	273630
2935.171	278895
2937.71	274380
2940.248	279825
2942.786	269145
2945.322	278580
2947.858	274830
2950.392	267180
2952.926	271485
2955.459	272400
2957.991	271875
2960.522	272775
2963.052	266295
2965.581	274275
2968.109	265830
2970.636	266820
2973.163	266610
2975.688	268740
2978.213	260745
2980.737	263670
2983.26	263400
2985.781	256170
2988.302	267870
2990.823	256260
2993.342	258795
2995.86	262425
2998.378	259995
3000.894	263475
3003.41	265425
3005.924	267870
3008.438	267210
3010.951	259980
3013.463	261000
3015.974	258405
3018.484	256500
3020.993	260835
3023.502	263820
3026.009	255360
3028.516	261105
3031.022	260865
3033.526	264150
3036.03	259860
3038.533	262140
3041.035	257745
3043.537	264720
3046.037	263415
3048.536	261975
3051.035	262950
3053.532	262560
3056.029	258450
3058.525	265800
3061.02	266565
3063.514	260730
3066.007	265380
3068.5	268140
3070.991	268320
3073.481	266850
3075.971	258780
3078.46	267255
3080.948	265335
3083.434	261660
3085.92	264360
3088.406	258360
3090.89	265380
3093.373	268110
3095.856	264600
3098.337	266040
3100.818	264060
3103.298	266400
3105.777	260325
3108.255	269385
3110.732	265125
3113.208	262935
3115.684	254745
3118.158	264060
3120.632	255360
3123.105	257145
3125.577	262035
3128.048	260070
3130.518	252210
3132.987	256710
3135.455	257400
3137.923	256635
3140.389	254145
3142.855	252135
3145.32	249315
3147.784	249900
3150.247	250215
3152.709	250620
3155.171	252285
3157.631	245010
3160.091	237330
3162.55	244530
3165.007	249015
3167.464	239880
3169.92	242010
3172.375	236565
3174.83	240495
3177.283	235665
3179.736	231690
3182.188	234810
3184.639	230130
3187.089	232245
3189.538	226875
3191.986	230880
3194.433	229485
3196.88	228645
3199.325	224190
3201.77	225165
3204.214	229530
3206.657	225285
3209.099	226110
3211.541	222930
3213.981	218025
3216.42	226290
3218.859	224430
3221.297	220425
3223.734	219255
3226.17	212475
3228.605	219525
3231.04	217020
3233.473	215010
3235.906	220425
3238.338	216615
3240.769	214980
3243.198	215595
3245.628	215040
3248.056	221010
3250.484	219735
3252.91	217935
3255.336	215820
3257.761	218775
3260.185	217080
3262.608	218280
3265.03	222405
3267.452	223695
3269.872	219315
3272.292	222450
3274.711	221820
3277.129	225285
3279.546	224820
3281.963	224730
3284.378	217995
3286.793	227715
3289.206	222645
3291.619	228240
3294.031	226740
3296.443	227970
3298.853	230190
3301.262	232050
3303.671	233700
3306.079	226380
3308.486	228405
3310.892	235140
3313.297	232800
3315.701	232080