230.0415	3045
233.6166	3151
237.1903	3225
240.7626	3286
244.3334	3323
247.9027	3408
251.4706	3501
255.037	3566
258.602	3694
262.1655	3697
265.7276	3622
269.2882	3659
272.8474	3528
276.4052	3482
279.9615	3344
283.5163	3270
287.0697	3118
290.6217	3082
294.1722	2803
297.7213	2694
301.2689	2540
304.8151	2493
308.3598	2424
311.9032	2264
315.445	2178
318.9855	2039
322.5245	2021
326.062	1802
329.5981	1912
333.1328	1803
336.6661	1795
340.1979	1777
343.7283	1755
347.2573	1767
350.7849	1737
354.3109	1805
357.8356	1798
361.3589	1816
364.8807	1836
368.4011	1809
371.9201	1834
375.4376	1876
378.9537	1799
382.4684	1912
385.9817	1822
389.4936	1804
393.004	1778
396.513	1789
400.0206	1718
403.5268	1765
407.0316	1784
410.5349	1705
414.0368	1777
417.5373	1782
421.0364	1813
424.5341	1670
428.0304	1782
431.5252	1844
435.0187	1796
438.5107	1856
442.0013	1839
445.4906	1843
448.9784	1794
452.4648	1833
455.9498	1823
459.4334	1901
462.9156	1786
466.3963	1864
469.8757	1765
473.3537	1844
476.8303	1790
480.3055	1858
483.7792	1784
487.2516	1833
490.7226	1807
494.1921	1805
497.6603	1797
501.1271	1925
504.5925	1942
508.0565	1954
511.5191	2080
514.9803	1993
518.4401	1840
521.8985	1911
525.3555	1827
528.8112	1755
532.2654	1736
535.7183	1799
539.1697	1846
542.6199	1707
546.0685	1736
549.5159	1751
552.9618	1841
556.4063	1813
559.8495	1737
563.2913	1792
566.7317	1725
570.1707	1731
573.6083	1787
577.0446	1760
580.4795	1785
583.913	1695
587.3451	1688
590.7758	1795
594.2052	1810
597.6332	1784
601.0598	1759
604.485	1848
607.9089	1854
611.3314	1808
614.7526	1810
618.1724	1799
621.5908	1798
625.0078	1806
628.4234	1880
631.8377	1796
635.2506	1844
638.6622	1831
642.0724	1838
645.4812	1861
648.8887	1949
652.2947	1897
655.6995	1944
659.1028	1964
662.5049	2088
665.9055	2297
669.3048	2372
672.7028	2446
676.0994	2493
679.4946	2569
682.8884	2573
686.2809	2553
689.6721	2529
693.0619	2448
696.4503	2438
699.8375	2359
703.2232	2211
706.6076	2225
709.9906	2193
713.3723	2168
716.7527	2068
720.1317	2045
723.5093	2061
726.8856	2107
730.2606	2049
733.6342	1991
737.0065	1990
740.3774	1931
743.7469	1937
747.1152	1936
750.4821	1876
753.8477	1993
757.2119	1909
760.5748	1870
763.9363	1896
767.2965	1984
770.6553	1893
774.0129	1956
777.3691	1905
780.7239	1921
784.0775	1968
787.4296	2035
790.7805	2086
794.1301	1962
797.4782	1954
800.8251	1953
804.1707	2014
807.5148	1971
810.8577	1903
814.1993	1958
817.5395	2003
820.8784	2048
824.2159	2050
827.5522	2113
830.8871	2043
834.2208	2021
837.553	2114
840.884	2092
844.2136	2062
847.5419	2160
850.8689	2077
854.1946	2073
857.5189	2046
860.842	2036
864.1637	2107
867.4841	2121
870.8032	2059
874.121	2087
877.4374	2117
880.7526	2107
884.0665	2174
887.379	2093
890.6902	2161
894.0001	2094
897.3087	2123
900.616	2219
903.9219	2223
907.2266	2289
910.53	2123
913.832	2119
917.1328	2082
920.4323	2046
923.7304	2055
927.0272	2000
930.3228	2015
933.617	1993
936.9099	1987
940.2015	1947
943.4919	1916
946.7809	1948
950.0687	1963
953.3551	1969
956.6403	1955
959.9241	1901
963.2067	1961
966.4879	1916
969.7679	1994
973.0466	2000
976.3239	1895
979.6	1974
982.8748	1966
986.1483	2014
989.4205	1985
992.6914	2032
995.9611	2125
999.2294	2004
1002.496	1981
1005.762	2001
1009.027	2022
1012.29	1993
1015.552	2032
1018.813	2019
1022.072	2024
1025.33	2098
1028.587	2265
1031.842	2348
1035.096	2570
1038.349	2738
1041.601	2736
1044.851	2839
1048.101	2858
1051.348	2746
1054.595	2562
1057.84	2441
1061.084	2230
1064.327	2139
1067.568	2039
1070.809	1948
1074.047	1930
1077.285	1920
1080.522	1966
1083.757	1865
1086.99	1852
1090.223	1835
1093.454	1941
1096.684	1880
1099.913	1885
1103.141	1920
1106.367	1866
1109.592	2044
1112.816	1927
1116.038	1930
1119.259	2042
1122.479	1999
1125.698	2036
1128.915	2051
1132.131	2031
1135.346	2051
1138.56	2139
1141.772	2053
1144.983	2051
1148.193	2018
1151.402	2078
1154.609	2134
1157.815	2066
1161.02	2273
1164.224	2125
1167.426	2125
1170.627	2175
1173.827	2164
1177.025	2077
1180.223	2057
1183.419	2187
1186.614	2089
1189.807	1993
1192.999	2125
1196.191	2084
1199.38	2070
1202.569	2051
1205.756	2074
1208.942	2181
1212.127	2107
1215.311	1971
1218.493	2089
1221.674	2129
1224.854	2089
1228.033	2092
1231.21	2131
1234.386	2073
1237.561	2111
1240.735	2199
1243.908	2171
1247.079	2134
1250.249	2144
1253.418	2154
1256.585	2233
1259.751	2284
1262.917	2361
1266.08	2265
1269.243	2300
1272.404	2351
1275.564	2333
1278.723	2326
1281.881	2435
1285.037	2439
1288.193	2422
1291.347	2468
1294.499	2519
1297.651	2454
1300.801	2619
1303.95	2507
1307.098	2496
1310.245	2562
1313.39	2576
1316.535	2564
1319.677	2537
1322.819	2560
1325.96	2574
1329.099	2635
1332.237	2551
1335.374	2707
1338.51	2665
1341.644	2720
1344.778	2644
1347.91	2714
1351.04	2658
1354.17	2628
1357.298	2619
1360.426	2552
1363.552	2550
1366.676	2600
1369.8	2558
1372.922	2595
1376.043	2478
1379.163	2488
1382.282	2519
1385.399	2376
1388.516	2469
1391.631	2449
1394.745	2453
1397.857	2435
1400.969	2560
1404.079	2517
1407.188	2467
1410.296	2441
1413.403	2362
1416.508	2412
1419.612	2365
1422.715	2471
1425.817	2413
1428.918	2430
1432.017	2486
1435.116	2403
1438.213	2411
1441.309	2491
1444.403	2384
1447.497	2407
1450.589	2492
1453.68	2284
1456.77	2408
1459.859	2494
1462.946	2462
1466.033	2439
1469.118	2564
1472.202	2583
1475.285	2623
1478.366	2670
1481.446	2575
1484.526	2725
1487.604	2716
1490.68	2870
1493.756	2917
1496.831	3001
1499.904	3061
1502.976	3035
1506.047	3126
1509.117	3052
1512.185	3151
1515.252	3200
1518.319	3131
1521.384	3010
1524.447	2996
1527.51	2974
1530.572	2865
1533.632	2876
1536.691	2829
1539.749	2796
1542.806	2708
1545.861	2666
1548.916	2707
1551.969	2618
1555.021	2550
1558.072	2402
1561.122	2444
1564.17	2515
1567.217	2436
1570.264	2310
1573.309	2362
1576.353	2435
1579.395	2352
1582.437	2270
1585.477	2364
1588.516	2351
1591.554	2351
1594.591	2216
1597.627	2302
1600.661	2352
1603.695	2293
1606.727	2224
1609.758	2304
1612.788	2210
1615.817	2244
1618.844	2217
1621.871	2222
1624.896	2173
1627.92	2197
1630.943	2236
1633.965	2178
1636.985	2174
1640.005	2156
1643.023	2086
1646.04	2206
1649.056	2239
1652.071	2120
1655.085	2230
1658.098	2115
1661.109	2159
1664.119	2182
1667.128	2128
1670.136	2074
1673.143	2080
1676.149	2179
1679.153	2143
1682.156	2130
1685.159	2086
1688.16	2123
1691.16	2157
1694.158	2202
1697.156	2123
1700.152	2137
1703.148	1980
1706.142	2055
1709.135	2052
1712.127	2046
1715.118	2098
1718.107	2040
1721.096	2029
1724.083	2017
1727.069	2037
1730.054	1995
1733.038	1899
1736.021	1921
1739.003	1908
1741.983	1898
1744.963	1872
1747.941	1890
1750.918	1903
1753.894	1841
1756.869	1907
1759.843	2012
1762.815	1926
1765.787	1859
1768.757	1832
1771.726	1790
1774.694	1794
1777.661	1789
1780.627	1765
1783.592	1826
1786.555	1790
1789.518	1801
1792.479	1872
1795.439	1865
1798.398	1846
1801.356	1767
1804.313	1899
1807.268	1797
1810.223	1780
1813.177	1861
1816.129	1765
1819.08	1849
1822.03	1833
1824.979	1788
1827.927	1698
1830.874	1757
1833.819	1705
1836.764	1804
1839.707	1733
1842.649	1808
1845.59	1797
1848.53	1800
1851.469	1771
1854.407	1736
1857.344	1777
1860.279	1756
1863.214	1823
1866.147	1822
1869.079	1747
1872.01	1766
1874.941	1811
1877.869	1744
1880.797	1803
1883.724	1812
1886.649	1787
1889.574	1807
1892.497	1714
1895.42	1825
1898.341	1639
1901.261	1708
1904.18	1716
1907.098	1752
1910.014	1753
1912.93	1676
1915.844	1834
1918.758	1797
1921.67	1792
1924.581	1753
1927.492	1814
1930.401	1818
1933.308	1756
1936.215	1683
1939.121	1839
1942.026	1648
1944.929	1720
1947.832	1773
1950.733	1826
1953.633	1797
1956.532	1743
1959.431	1840
1962.328	1779
1965.223	1727
1968.118	1744
1971.012	1789
1973.905	1836
1976.796	1688
1979.687	1772
1982.576	1793
1985.464	1734
1988.351	1714
1991.237	1796
1994.122	1758
1997.006	1824
1999.889	1674
2002.771	1767
2005.651	1729
2008.531	1791
2011.41	1703
2014.287	1724
2017.163	1780
2020.038	1689
2022.913	1759
2025.786	1748
2028.658	1687
2031.529	1615
2034.398	1707
2037.267	1653
2040.135	1733
2043.001	1689
2045.867	1726
2048.731	1723
2051.595	1703
2054.457	1783
2057.318	1728
2060.178	1681
2063.038	1705
2065.896	1768
2068.753	1766
2071.608	1748
2074.463	1806
2077.317	1766
2080.17	1736
2083.021	1770
2085.872	1847
2088.721	1826
2091.57	1784
2094.417	1863
2097.263	1867
2100.108	1843
2102.952	1861
2105.795	1814
2108.637	1740
2111.478	1718
2114.318	1752
2117.157	1632
2119.995	1718
2122.831	1675
2125.667	1677
2128.501	1590
2131.335	1650
2134.167	1661
2136.999	1574
2139.829	1603
2142.658	1607
2145.486	1468
2148.313	1529
2151.139	1606
2153.965	1571
2156.788	1467
2159.611	1546
2162.433	1541
2165.254	1544
2168.074	1596
2170.892	1566
2173.71	1575
2176.527	1597
2179.342	1574
2182.156	1593
2184.97	1639
2187.782	1547
2190.594	1485
2193.404	1524
2196.213	1531
2199.021	1489
2201.829	1532
2204.635	1610
2207.44	1625
2210.244	1564
2213.047	1563
2215.848	1597
2218.649	1562
2221.449	1628
2224.248	1586
2227.046	1585
2229.842	1695
2232.638	1534
2235.433	1560
2238.226	1529
2241.019	1544
2243.81	1574
2246.601	1608
2249.39	1572
2252.178	1634
2254.966	1642
2257.752	1616
2260.537	1610
2263.322	1718
2266.105	1605
2268.887	1624
2271.668	1590
2274.448	1563
2277.227	1641
2280.005	1646
2282.782	1620
2285.558	1619
2288.333	1544
2291.107	1609
2293.88	1567
2296.652	1558
2299.422	1577
2302.192	1545
2304.961	1559
2307.729	1605
2310.495	1590
2313.261	1568
2316.026	1526
2318.789	1531
2321.552	1599
2324.313	1548
2327.074	1536
2329.833	1520
2332.592	1516
2335.349	1541
2338.106	1471
2340.861	1516
2343.616	1529
2346.369	1497
2349.121	1464
2351.873	1493
2354.623	1498
2357.372	1466
2360.121	1431
2362.868	1421
2365.614	1452
2368.359	1431
2371.104	1511
2373.847	1508
2376.589	1447
2379.33	1443
2382.071	1483
2384.81	1457
2387.548	1351
2390.285	1347
2393.021	1368
2395.756	1333
2398.49	1419
2401.223	1398
2403.955	1422
2406.687	1399
2409.417	1345
2412.146	1361
2414.874	1465
2417.601	1425
2420.327	1364
2423.052	1510
2425.776	1361
2428.499	1441
2431.221	1481
2433.942	1312
2436.662	1385
2439.381	1388
2442.099	1389
2444.816	1389
2447.532	1389
2450.247	1356
2452.961	1464
2455.674	1415
2458.385	1331
2461.096	1321
2463.807	1424
2466.516	1395
2469.223	1422
2471.93	1321
2474.636	1352
2477.342	1363
2480.045	1324
2482.749	1421
2485.45	1410
2488.152	1297
2490.852	1443
2493.551	1308
2496.249	1321
2498.946	1413
2501.642	1371
2504.337	1307
2507.031	1260
2509.724	1311
2512.416	1377
2515.107	1263
2517.797	1320
2520.486	1286
2523.175	1253
2525.862	1274
2528.548	1269
2531.233	1286
2533.917	1325
2536.6	1269
2539.282	1250
2541.964	1212
2544.644	1298
2547.323	1243
2550.001	1234
2552.679	1153
2555.355	1203
2558.031	1215
2560.705	1225
2563.378	1289
2566.051	1198
2568.722	1184
2571.393	1204
2574.062	1212
2576.73	1177
2579.398	1146
2582.064	1162
2584.73	1145
2587.395	1224
2590.058	1059
2592.721	1215
2595.382	1160
2598.043	1187
2600.703	1217
2603.361	1198
2606.019	1186
2608.676	1256
2611.332	1171
2613.987	1205
2616.64	1196
2619.293	1213
2621.945	1182
2624.596	1141
2627.246	1212
2629.895	1189
2632.543	1222
2635.19	1226
2637.836	1242
2640.481	1194
2643.126	1223
2645.769	1264
2648.411	1267
2651.052	1242
2653.693	1307
2656.332	1245
2658.97	1207
2661.608	1242
2664.244	1241
2666.88	1328
2669.514	1236
2672.148	1235
2674.781	1257
2677.412	1214
2680.043	1269
2682.673	1271
2685.301	1232
2687.929	1235
2690.556	1323
2693.182	1251
2695.807	1248
2698.431	1239
2701.054	1265
2703.676	1235
2706.297	1239
2708.917	1292
2711.536	1246
2714.155	1242
2716.772	1218
2719.388	1294
2722.004	1236
2724.618	1224
2727.232	1188
2729.844	1218
2732.456	1210
2735.066	1241
2737.676	1173
2740.285	1180
2742.893	1201
2745.5	1167
2748.105	1105
2750.71	1168
2753.314	1104
2755.917	1172
2758.52	1147
2761.121	1073
2763.721	1102
2766.32	1132
2768.918	1135
2771.516	1136
2774.112	1086
2776.708	1072
2779.302	1048
2781.896	1086
2784.489	1074
2787.08	1167
2789.671	1122
2792.261	1043
2794.85	1039
2797.438	1054
2800.025	1000
2802.611	995
2805.196	1030
2807.78	1026
2810.364	1043
2812.946	992
2815.527	1029
2818.108	1014
2820.688	969
2823.266	1028
2825.844	1030
2828.42	1043
2830.996	1019
2833.571	1005
2836.145	1005
2838.718	992
2841.29	996
2843.861	967
2846.432	1065
2849.001	984
2851.569	1049
2854.137	997
2856.703	1062
2859.269	978
2861.833	1001
2864.397	1041
2866.96	1104
2869.522	993
2872.083	987
2874.643	984
2877.202	1100
2879.76	1084
2882.317	1079
2884.874	1027
2887.429	1003
2889.983	1038
2892.537	1096
2895.089	1069
2897.641	1069
2900.192	1118
2902.742	1059
2905.291	1073
2907.839	1075
2910.386	1103
2912.932	1123
2915.477	1081
2918.022	1105
2920.565	1139
2923.108	1151
2925.649	1118
2928.19	1122
2930.729	1097
2933.269	984
2935.806	1029
2938.344	1080
2940.879	995
2943.415	980
2945.949	1020
2948.482	940
2951.015	1017
2953.546	1026
2956.077	996
2958.607	932
2961.135	992
2963.663	910
2966.19	1002
2968.716	985
2971.241	944
2973.766	900
2976.289	895
2978.812	986
2981.333	915
2983.854	947
2986.374	996
2988.892	879
2991.41	910
2993.927	920
2996.443	933
2998.958	961
3001.473	914
3003.986	924
3006.499	957
3009.01	966
3011.521	913
3014.031	898
3016.54	904
3019.048	887
3021.555	896
3024.061	887
3026.566	937
3029.071	867
3031.574	895
3034.077	935
3036.578	935
3039.079	994
3041.579	864
3044.078	818
3046.576	930
3049.073	854
3051.57	895
3054.065	961
3056.56	945
3059.053	856
3061.546	885
3064.038	892
3066.529	867
3069.019	870
3071.508	932
3073.996	925
3076.484	896
3078.97	820
3081.456	840
3083.94	881
3086.424	826
3088.907	880
3091.389	838
3093.87	894
3096.351	876
3098.83	787
3101.309	910
3103.786	869
3106.263	837
3108.739	874
3111.214	832
3113.688	772
3116.161	905
3118.633	847
3121.105	852
3123.575	874
3126.045	849
3128.514	821
3130.982	797
3133.448	867
3135.915	833
3138.38	806
3140.844	852
3143.308	743
3145.771	734
3148.232	767
3150.693	768
3153.153	762
3155.612	741
3158.07	766
3160.528	701
3162.984	778
3165.44	702
3167.895	718
3170.348	725
3172.801	742
3175.253	676
3177.705	711
3180.155	786
3182.604	669
3185.053	652
3187.501	722
3189.948	614