411.9928	35235
415.4942	30855
418.9943	35235
422.4929	35625
425.9901	33885
429.486	36420
432.9804	34680
436.4734	36330
439.965	38220
443.4551	34965
446.9439	39420
450.4313	35985
453.9173	31155
457.4019	33450
460.885	31635
464.3668	29955
467.8471	36360
471.3261	33255
474.8036	34395
478.2798	28755
481.7546	37455
485.228	28980
488.6999	32010
492.1705	31320
495.6397	31620
499.1075	32625
502.5739	34800
506.0389	35070
509.5025	35970
512.9647	36240
516.4255	32385
519.8849	39090
523.343	38910
526.7997	44175
530.2549	36330
533.7089	39015
537.1613	34005
540.6125	36045
544.0622	36075
547.5106	32430
550.9575	35370
554.4031	35355
557.8473	25575
561.2901	35190
564.7316	37245
568.1716	29430
571.6104	38430
575.0476	39825
578.4836	31245
581.9182	37560
585.3513	35205
588.7831	34965
592.2136	36375
595.6426	33330
599.0703	34200
602.4966	27555
605.9216	28950
609.3452	36420
612.7673	35115
616.1882	30945
619.6077	35580
623.0258	32175
626.4425	36810
629.8579	31620
633.2719	29550
636.6846	32805
640.0958	34410
643.5058	32430
646.9143	29835
650.3215	32325
653.7274	30165
657.1318	34890
660.535	30015
663.9368	24135
667.3372	37440
670.7362	34320
674.1339	32115
677.5302	27015
680.9252	33990
684.3188	33285
687.7111	33435
691.1021	31815
694.4916	29625
697.8799	37830
701.2668	38205
704.6523	37515
708.0364	38625
711.4193	40710
714.8008	33720
718.1809	41085
721.5598	38190
724.9372	35355
728.3133	36585
731.688	40335
735.0615	40515
738.4335	37845
741.8043	39180
745.1737	39300
748.5417	33885
751.9085	37890
755.2739	37065
758.6379	37395
762.0006	33645
765.362	33675
768.722	36255
772.0807	33795
775.4381	33075
778.7941	35310
782.1489	33315
785.5023	38985
788.8543	39600
792.205	37545
795.5544	41985
798.9025	38340
802.2492	38115
805.5946	43170
808.9387	37035
812.2814	41910
815.6229	38460
818.963	41730
822.3018	37935
825.6392	36765
828.9753	36900
832.3101	39000
835.6436	40200
838.9758	42420
842.3066	38895
845.6362	38850
848.9644	41535
852.2913	37680
855.6169	42375
858.9412	33600
862.2641	35970
865.5858	37455
868.9061	38400
872.2251	35940
875.5428	37110
878.8592	40635
882.1743	42615
885.488	37335
888.8005	36855
892.1117	40170
895.4215	40455
898.73	40560
902.0373	42135
905.3432	44145
908.6478	43200
911.9512	43605
915.2532	43620
918.5539	44520
921.8533	42030
925.1514	42735
928.4482	39795
931.7437	39945
935.038	34755
938.3309	41385
941.6225	40380
944.9128	39225
948.2018	38175
951.4896	39015
954.776	35415
958.0611	37905
961.345	39165
964.6275	35685
967.9088	40800
971.1887	39405
974.4674	39450
977.7448	47730
981.0209	38730
984.2957	41340
987.5692	39750
990.8414	45165
994.1124	42240
997.382	46365
1000.65	40590
1003.917	41880
1007.183	42480
1010.448	40890
1013.711	42720
1016.973	40575
1020.234	46350
1023.493	41475
1026.751	39555
1030.008	42270
1033.264	39705
1036.518	40260
1039.771	40395
1043.023	41070
1046.273	38835
1049.522	36795
1052.77	41400
1056.017	33840
1059.262	37890
1062.506	45300
1065.749	42465
1068.991	39405
1072.231	41505
1075.47	37005
1078.708	42675
1081.944	43455
1085.179	44370
1088.413	41595
1091.646	42555
1094.877	38400
1098.107	39810
1101.336	44910
1104.564	39195
1107.79	43785
1111.015	37155
1114.239	42435
1117.462	42030
1120.683	37935
1123.903	44625
1127.122	43425
1130.339	44430
1133.556	44775
1136.771	44595
1139.984	45240
1143.197	44550
1146.408	46920
1149.618	51075
1152.827	44820
1156.034	49395
1159.24	52200
1162.445	47370
1165.649	47115
1168.852	50655
1172.053	49875
1175.253	49890
1178.452	52875
1181.649	54915
1184.845	55785
1188.04	53910
1191.234	50100
1194.427	52710
1197.618	46995
1200.808	49035
1203.997	47520
1207.184	45210
1210.37	42675
1213.556	41955
1216.739	45390
1219.922	46125
1223.103	43020
1226.283	46605
1229.462	43350
1232.64	41790
1235.816	44055
1238.991	48810
1242.165	47745
1245.338	40305
1248.509	45300
1251.68	46545
1254.849	37635
1258.016	45615
1261.183	43035
1264.348	48000
1267.512	44625
1270.675	47340
1273.837	47520
1276.997	43845
1280.156	49500
1283.314	50655
1286.471	48555
1289.626	45990
1292.781	45270
1295.934	49125
1299.085	48570
1302.236	50145
1305.385	49605
1308.533	50040
1311.68	50400
1314.826	49155
1317.971	50670
1321.114	46560
1324.256	53730
1327.397	53385
1330.536	52215
1333.675	57090
1336.812	54600
1339.948	56505
1343.083	50010
1346.216	57225
1349.348	54015
1352.479	51885
1355.609	61770
1358.738	56280
1361.866	62955
1364.992	56610
1368.117	61890
1371.241	56115
1374.363	58740
1377.485	61065
1380.605	56340
1383.724	58980
1386.842	59280
1389.958	58695
1393.074	58035
1396.188	52995
1399.301	51525
1402.413	57420
1405.524	54360
1408.633	53790
1411.741	51120
1414.848	52575
1417.954	55440
1421.058	48675
1424.162	57285
1427.264	51870
1430.365	53880
1433.465	50220
1436.564	46575
1439.661	55020
1442.757	50760
1445.852	54540
1448.946	57030
1452.039	47475
1455.13	55485
1458.221	50670
1461.31	52710
1464.397	53010
1467.484	56235
1470.57	48750
1473.654	53130
1476.737	57105
1479.819	50565
1482.9	52560
1485.979	49065
1489.058	50040
1492.135	52290
1495.211	55095
1498.286	52560
1501.36	51225
1504.432	52890
1507.504	51780
1510.574	48510
1513.643	54435
1516.71	50130
1519.777	51210
1522.842	53610
1525.907	54405
1528.97	53685
1532.032	60165
1535.092	57000
1538.152	52395
1541.21	57450
1544.267	59340
1547.323	54150
1550.378	56235
1553.432	50895
1556.484	53130
1559.536	50955
1562.586	54810
1565.635	52845
1568.683	54180
1571.729	56040
1574.775	58740
1577.819	57210
1580.862	60315
1583.904	65355
1586.945	60690
1589.985	61920
1593.023	58500
1596.061	56115
1599.097	58380
1602.132	64380
1605.166	56160
1608.198	62760
1611.23	62025
1614.26	68940
1617.29	70095
1620.318	67185
1623.344	64785
1626.37	66030
1629.395	60720
1632.418	60105
1635.441	57570
1638.462	50970
1641.482	55800
1644.5	49485
1647.518	53730
1650.535	54765
1653.55	56355
1656.564	57090
1659.577	57435
1662.589	57165
1665.6	60570
1668.609	56715
1671.618	53610
1674.625	55785
1677.631	59805
1680.636	55245
1683.64	57930
1686.643	54030
1689.645	60720
1692.645	53475
1695.644	55305
1698.643	56805
1701.64	54090
1704.635	56175
1707.63	56025
1710.624	53880
1713.616	57630
1716.608	52755
1719.598	60405
1722.587	56715
1725.575	61245
1728.561	58845
1731.547	62160
1734.531	61665
1737.515	57900
1740.497	59115
1743.478	55890
1746.458	61185
1749.437	59400
1752.415	56670
1755.391	59730
1758.367	59190
1761.341	60135
1764.314	58725
1767.286	60015
1770.257	58770
1773.227	58110
1776.195	59520
1779.163	57120
1782.129	58215
1785.095	59595
1788.059	60180
1791.022	61620
1793.984	57015
1796.945	59205
1799.904	61200
1802.863	60345
1805.82	58200
1808.776	58290
1811.732	61905
1814.686	56355
1817.639	58620
1820.59	58725
1823.541	55110
1826.491	57960
1829.439	56580
1832.386	60900
1835.333	64140
1838.278	62430
1841.222	56775
1844.165	54225
1847.106	56865
1850.047	59655
1852.987	55800
1855.925	63720
1858.862	58650
1861.799	57090
1864.734	60135
1867.668	60885
1870.601	61005
1873.532	64005
1876.463	56295
1879.393	59070
1882.321	60495
1885.248	59265
1888.175	63660
1891.1	61605
1894.024	59145
1896.947	63870
1899.869	67695
1902.789	59055
1905.709	60825
1908.627	65970
1911.545	60345
1914.461	62820
1917.376	62895
1920.291	62745
1923.203	68475
1926.115	58065
1929.026	60570
1931.936	62460
1934.845	60600
1937.752	60525
1940.659	64620
1943.564	69510
1946.468	65685
1949.371	62025
1952.273	64140
1955.174	61695
1958.074	67440
1960.973	66300
1963.871	68640
1966.767	61995
1969.663	65220
1972.557	69375
1975.451	67755
1978.343	69000
1981.234	70455
1984.124	66645
1987.013	68370
1989.901	66675
1992.788	69450
1995.673	67230
1998.558	68955
2001.442	69480
2004.324	67095
2007.206	67005
2010.086	65670
2012.965	69720
2015.843	71715
2018.72	68550
2021.596	74160
2024.471	70800
2027.345	63210
2030.218	72285
2033.089	68145
2035.96	72510
2038.83	71220
2041.698	73080
2044.565	71340
2047.432	72195
2050.297	71355
2053.161	76140
2056.024	73800
2058.886	72720
2061.747	73380
2064.607	77385
2067.466	71970
2070.323	75075
2073.18	71070
2076.036	70560
2078.89	72885
2081.743	74820
2084.596	73980
2087.447	75690
2090.297	65085
2093.146	74160
2095.995	71790
2098.842	77100
2101.688	70080
2104.532	78195
2107.376	70650
2110.219	76380
2113.061	72060
2115.902	76860
2118.741	75150
2121.58	79260
2124.417	77550
2127.254	72600
2130.089	76950
2132.923	74295
2135.756	73320
2138.589	72045
2141.42	70755
2144.25	71745
2147.079	76560
2149.907	78735
2152.734	76470
2155.56	75405
2158.384	75210
2161.208	73485
2164.031	73155
2166.852	74205
2169.673	73650
2172.492	75135
2175.311	76515
2178.128	78015
2180.945	76125
2183.76	73680
2186.574	78285
2189.387	76815
2192.2	75375
2195.011	78645
2197.821	84045
2200.63	80055
2203.438	73695
2206.245	76935
2209.051	80970
2211.856	80205
2214.659	81840
2217.462	84810
2220.264	82065
2223.065	81870
2225.864	85860
2228.663	83640
2231.46	87120
2234.257	78285
2237.052	83385
2239.847	83820
2242.64	83955
2245.433	82380
2248.224	85170
2251.014	79320
2253.803	88950
2256.592	85275
2259.379	87420
2262.165	89340
2264.95	81555
2267.734	85800
2270.517	92385
2273.299	92580
2276.08	86445
2278.86	94095
2281.639	90630
2284.417	86295
2287.194	89655
2289.97	91320
2292.745	88440
2295.519	93105
2298.291	91230
2301.063	88050
2303.833	89610
2306.603	90480
2309.372	95430
2312.14	95340
2314.906	92925
2317.672	92550
2320.436	93615
2323.2	90645
2325.962	96705
2328.724	95340
2331.484	95760
2334.244	95700
2337.002	94590
2339.76	96930
2342.516	91275
2345.271	94335
2348.025	97260
2350.779	96315
2353.531	95655
2356.282	91260
2359.033	102390
2361.782	90885
2364.53	90735
2367.277	97890
2370.023	94110
2372.769	90885
2375.513	91215
2378.256	91965
2380.998	92700
2383.739	94620
2386.479	96435
2389.219	97290
2391.957	88605
2394.694	93375
2397.43	96195
2400.165	91395
2402.899	100215
2405.632	90315
2408.364	91950
2411.095	95445
2413.825	97740
2416.554	93885
2419.282	96000
2422.009	99330
2424.735	93285
2427.46	90720
2430.184	98085
2432.907	95610
2435.629	93405
2438.35	95325
2441.07	101130
2443.789	95010
2446.507	93600
2449.224	96420
2451.94	101430
2454.655	96555
2457.369	101235
2460.082	103335
2462.794	101505
2465.505	97725
2468.215	97770
2470.924	96930
2473.632	98835
2476.339	99885
2479.045	99330
2481.75	101115
2484.454	100665
2487.157	98550
2489.859	99225
2492.56	98685
2495.26	99990
2497.959	103605
2500.657	102435
2503.354	95745
2506.051	104175
2508.746	98115
2511.44	101685
2514.133	96600
2516.825	102840
2519.516	100740
2522.207	104835
2524.896	102810
2527.584	101130
2530.271	102945
2532.957	96300
2535.643	98655
2538.327	106740
2541.01	101520
2543.692	100380
2546.374	103470
2549.054	100515
2551.733	105720
2554.412	102000
2557.089	102885
2559.765	103455
2562.441	104250
2565.115	106710
2567.789	100980
2570.461	100950
2573.133	99090
2575.803	105330
2578.473	99465
2581.141	99840
2583.809	102630
2586.476	105105
2589.141	100485
2591.806	99045
2594.469	105555
2597.132	104115
2599.794	102825
2602.455	101985
2605.115	104535
2607.773	106500
2610.431	107520
2613.088	100515
2615.744	99825
2618.399	107355
2621.053	106800
2623.706	106905
2626.358	105105
2629.009	109740
2631.659	101160
2634.308	104880
2636.957	107700
2639.604	108810
2642.25	107220
2644.895	115080
2647.54	109905
2650.183	109335
2652.825	107685
2655.467	112860
2658.107	114360
2660.747	113745
2663.385	116085
2666.023	114510
2668.659	113430
2671.295	119160
2673.93	115080
2676.563	120465
2679.196	121680
2681.828	120540
2684.459	117615
2687.089	118890
2689.718	123390
2692.346	123105
2694.973	122025
2697.599	124140
2700.224	118380
2702.848	124455
2705.471	129180
2708.094	123045
2710.715	120570
2713.335	125175
2715.955	124170
2718.573	121410
2721.191	122280
2723.807	120660
2726.423	131415
2729.038	124170
2731.651	121770
2734.264	123705
2736.876	124335
2739.487	127815
2742.096	126105
2744.705	121260
2747.313	126495
2749.92	125055
2752.527	123420
2755.132	124245
2757.736	124605
2760.339	126870
2762.942	121020
2765.543	123435
2768.144	124725
2770.743	123165
2773.342	121530
2775.939	118965
2778.536	120975
2781.132	126675
2783.726	122715
2786.32	116730
2788.913	118140
2791.505	124110
2794.096	119220
2796.686	120615
2799.275	119700
2801.864	124995
2804.451	120780
2807.037	116625
2809.623	120945
2812.207	119085
2814.791	121155
2817.373	122010
2819.955	119550
2822.536	124965
2825.115	119625
2827.694	122895
2830.272	123795
2832.849	117960
2835.426	117975
2838.001	121080
2840.575	122895
2843.148	123120
2845.72	114855
2848.292	118905
2850.862	123390
2853.432	124335
2856.001	124680
2858.568	127305
2861.135	125505
2863.701	118095
2866.266	132420
2868.83	122025
2871.393	126090
2873.955	126510
2876.516	128580
2879.077	130125
2881.636	129195
2884.195	129660
2886.752	128775
2889.309	131820
2891.865	135165
2894.419	131205
2896.973	126870
2899.526	137370
2902.078	131805
2904.629	134115
2907.179	130890
2909.729	130020
2912.277	136725
2914.824	139140
2917.371	135615
2919.917	134100
2922.461	134715
2925.005	141480
2927.548	139395
2930.09	141750
2932.631	138075
2935.171	138390
2937.71	143550
2940.248	140370
2942.786	138135
2945.322	142005
2947.858	144255
2950.392	143220
2952.926	138405
2955.459	140775
2957.991	135945
2960.522	146070
2963.052	146160
2965.581	146250
2968.109	143640
2970.636	139950
2973.163	146055
2975.688	148770
2978.213	139890
2980.737	147375
2983.26	141210
2985.781	146085
2988.302	141900
2990.823	147405
2993.342	142950
2995.86	143865
2998.378	148740
3000.894	150360
3003.41	148275
3005.924	161175
3008.438	146595
3010.951	154200
3013.463	150375
3015.974	155715
3018.484	152265
3020.993	145605
3023.502	146625
3026.009	151875
3028.516	152985
3031.022	153795
3033.526	152565
3036.03	152925
3038.533	155340
3041.035	156960
3043.537	153330
3046.037	157875
3048.536	161340
3051.035	158985
3053.532	154800
3056.029	151635
3058.525	159765
3061.02	165450
3063.514	158730
3066.007	158550
3068.5	164010
3070.991	161130
3073.481	162840
3075.971	160410
3078.46	166800
3080.948	158550
3083.434	166350
3085.92	167145
3088.406	167190
3090.89	167940
3093.373	166245
3095.856	168645
3098.337	169575
3100.818	171975
3103.298	173760
3105.777	167505
3108.255	168030
3110.732	168405
3113.208	164070
3115.684	168540
3118.158	174195
3120.632	168225
3123.105	169500
3125.577	176355
3128.048	175080
3130.518	171615
3132.987	172455
3135.455	170325
3137.923	171195
3140.389	170295
3142.855	168855
3145.32	170415
3147.784	168810
3150.247	166860
3152.709	170445
3155.171	166005
3157.631	168540
3160.091	169335
3162.55	166695
3165.007	163410
3167.464	165135
3169.92	164385
3172.375	162975
3174.83	170400
3177.283	164220
3179.736	162615
3182.188	173130
3184.639	165240
3187.089	168750
3189.538	160995
3191.986	164415
3194.433	168945
3196.88	163065
3199.325	165225
3201.77	159075
3204.214	166305
3206.657	166410
3209.099	164955
3211.541	160215
3213.981	158325
3216.42	158625
3218.859	164805
3221.297	160545
3223.734	160185
3226.17	162585
3228.605	162825
3231.04	160335
3233.473	162330
3235.906	165210
3238.338	161325
3240.769	162795
3243.198	165240
3245.628	165645
3248.056	160155
3250.484	164115
3252.91	165930
3255.336	166665
3257.761	169380
3260.185	172695
3262.608	164625
3265.03	167715
3267.452	169590
3269.872	162420
3272.292	170055
3274.711	169860
3277.129	173100
3279.546	174390
3281.963	165435
3284.378	177690
3286.793	167505
3289.206	171705
3291.619	177450
3294.031	176265
3296.443	175605
3298.853	176205
3301.262	173850
3303.671	182430
3306.079	187125
3308.486	185820
3310.892	182595
3313.297	182775
3315.701	183195