230.0415	9759
233.6166	9941
237.1903	10106
240.7626	10273
244.3334	10550
247.9027	10753
251.4706	10931
255.037	10892
258.602	11080
262.1655	11234
265.7276	11107
269.2882	11272
272.8474	11233
276.4052	11118
279.9615	11273
283.5163	11267
287.0697	11380
290.6217	11275
294.1722	11194
297.7213	11253
301.2689	11081
304.8151	11180
308.3598	11220
311.9032	11457
315.445	11478
318.9855	11559
322.5245	11816
326.062	11694
329.5981	11958
333.1328	11957
336.6661	12152
340.1979	12299
343.7283	12612
347.2573	12448
350.7849	12611
354.3109	12899
357.8356	12889
361.3589	13031
364.8807	13107
368.4011	13251
371.9201	13289
375.4376	13425
378.9537	13533
382.4684	13711
385.9817	13762
389.4936	13813
393.004	13797
396.513	13791
400.0206	13628
403.5268	13654
407.0316	13668
410.5349	13568
414.0368	13619
417.5373	13525
421.0364	13643
424.5341	13526
428.0304	13661
431.5252	13772
435.0187	13826
438.5107	13936
442.0013	13727
445.4906	13712
448.9784	14092
452.4648	14186
455.9498	14247
459.4334	14198
462.9156	14022
466.3963	14327
469.8757	14131
473.3537	14342
476.8303	14274
480.3055	14254
483.7792	14469
487.2516	14324
490.7226	14282
494.1921	14305
497.6603	14346
501.1271	14392
504.5925	14628
508.0565	14477
511.5191	14418
514.9803	14507
518.4401	14435
521.8985	14467
525.3555	14359
528.8112	14177
532.2654	14357
535.7183	14292
539.1697	14464
542.6199	14390
546.0685	14435
549.5159	14242
552.9618	14408
556.4063	14256
559.8495	14108
563.2913	14067
566.7317	14154
570.1707	14079
573.6083	13951
577.0446	14002
580.4795	14088
583.913	14238
587.3451	14000
590.7758	14179
594.2052	14089
597.6332	13718
601.0598	13634
604.485	13470
607.9089	13457
611.3314	13416
614.7526	13494
618.1724	13143
621.5908	13129
625.0078	13171
628.4234	13197
631.8377	13239
635.2506	13314
638.6622	13108
642.0724	13242
645.4812	13318
648.8887	13390
652.2947	13314
655.6995	13446
659.1028	13214
662.5049	13358
665.9055	13638
669.3048	13497
672.7028	13369
676.0994	13523
679.4946	13733
682.8884	13657
686.2809	13926
689.6721	14069
693.0619	13988
696.4503	14019
699.8375	14121
703.2232	13955
706.6076	14107
709.9906	13899
713.3723	13938
716.7527	13931
720.1317	13917
723.5093	13836
726.8856	13751
730.2606	13591
733.6342	13798
737.0065	13568
740.3774	13584
743.7469	13586
747.1152	13693
750.4821	13698
753.8477	13591
757.2119	13380
760.5748	13497
763.9363	13388
767.2965	13370
770.6553	13213
774.0129	13220
777.3691	13344
780.7239	13153
784.0775	13161
787.4296	13254
790.7805	13241
794.1301	13396
797.4782	13359
800.8251	13270
804.1707	13469
807.5148	13435
810.8577	13534
814.1993	13412
817.5395	13548
820.8784	13533
824.2159	13519
827.5522	13445
830.8871	13547
834.2208	13644
837.553	13567
840.884	13503
844.2136	13333
847.5419	13526
850.8689	13447
854.1946	13516
857.5189	13329
860.842	13224
864.1637	13241
867.4841	13207
870.8032	13097
874.121	13093
877.4374	12932
880.7526	12874
884.0665	12861
887.379	12776
890.6902	12577
894.0001	12578
897.3087	12721
900.616	12617
903.9219	12588
907.2266	12441
910.53	12395
913.832	12366
917.1328	12365
920.4323	12400
923.7304	12470
927.0272	12302
930.3228	12209
933.617	12206
936.9099	12072
940.2015	12122
943.4919	11946
946.7809	12056
950.0687	11937
953.3551	12186
956.6403	11974
959.9241	12171
963.2067	12008
966.4879	11929
969.7679	12054
973.0466	12084
976.3239	12200
979.6	12184
982.8748	12216
986.1483	12266
989.4205	12237
992.6914	12304
995.9611	12242
999.2294	12098
1002.496	12138
1005.762	12100
1009.027	12107
1012.29	11978
1015.552	12133
1018.813	11902
1022.072	11732
1025.33	12043
1028.587	11867
1031.842	12002
1035.096	11920
1038.349	11969
1041.601	11887
1044.851	11748
1048.101	11841
1051.348	11867
1054.595	11758
1057.84	11711
1061.084	11701
1064.327	11776
1067.568	11714
1070.809	11590
1074.047	11689
1077.285	11586
1080.522	11865
1083.757	11594
1086.99	11682
1090.223	11630
1093.454	11749
1096.684	11724
1099.913	11942
1103.141	11883
1106.367	11838
1109.592	11889
1112.816	12103
1116.038	11970
1119.259	12026
1122.479	12174
1125.698	12224
1128.915	12279
1132.131	12045
1135.346	12349
1138.56	12457
1141.772	12456
1144.983	12609
1148.193	12529
1151.402	12522
1154.609	12416
1157.815	12335
1161.02	12310
1164.224	12211
1167.426	12315
1170.627	12321
1173.827	12171
1177.025	12229
1180.223	12269
1183.419	12568
1186.614	12114
1189.807	12056
1192.999	12220
1196.191	11967
1199.38	11909
1202.569	11799
1205.756	11612
1208.942	11912
1212.127	11573
1215.311	11550
1218.493	11654
1221.674	11735
1224.854	11841
1228.033	11843
1231.21	11824
1234.386	11899
1237.561	11995
1240.735	11997
1243.908	12026
1247.079	12242
1250.249	12032
1253.418	12114
1256.585	12170
1259.751	12292
1262.917	12326
1266.08	12499
1269.243	12546
1272.404	12735
1275.564	12851
1278.723	12851
1281.881	12798
1285.037	12898
1288.193	12969
1291.347	12791
1294.499	12902
1297.651	12881
1300.801	12817
1303.95	12896
1307.098	12917
1310.245	13111
1313.39	13307
1316.535	13359
1319.677	13362
1322.819	13506
1325.96	13512
1329.099	13187
1332.237	13513
1335.374	13404
1338.51	13350
1341.644	13374
1344.778	13074
1347.91	13074
1351.04	13169
1354.17	12911
1357.298	12889
1360.426	12732
1363.552	12874
1366.676	12812
1369.8	12688
1372.922	12826
1376.043	12577
1379.163	12680
1382.282	12700
1385.399	12400
1388.516	12187
1391.631	12200
1394.745	12182
1397.857	11809
1400.969	11653
1404.079	11710
1407.188	11637
1410.296	11639
1413.403	11493
1416.508	11636
1419.612	11594
1422.715	11643
1425.817	11457
1428.918	11613
1432.017	11726
1435.116	11604
1438.213	11523
1441.309	11528
1444.403	11474
1447.497	11355
1450.589	11293
1453.68	11353
1456.77	11272
1459.859	11212
1462.946	11350
1466.033	11198
1469.118	11105
1472.202	11308
1475.285	11225
1478.366	11395
1481.446	11314
1484.526	11401
1487.604	11526
1490.68	11587
1493.756	11433
1496.831	11535
1499.904	11519
1502.976	11407
1506.047	11311
1509.117	11345
1512.185	11236
1515.252	11198
1518.319	11307
1521.384	11098
1524.447	10965
1527.51	11181
1530.572	11046
1533.632	11150
1536.691	11207
1539.749	11256
1542.806	11171
1545.861	11410
1548.916	11478
1551.969	11284
1555.021	11633
1558.072	11396
1561.122	11617
1564.17	11659
1567.217	11666
1570.264	11623
1573.309	11691
1576.353	11652
1579.395	11889
1582.437	11751
1585.477	11849
1588.516	11713
1591.554	11857
1594.591	11622
1597.627	11647
1600.661	11522
1603.695	11578
1606.727	11491
1609.758	11639
1612.788	11431
1615.817	11446
1618.844	11574
1621.871	11557
1624.896	11549
1627.92	11699
1630.943	11532
1633.965	11389
1636.985	11245
1640.005	11185
1643.023	10453
1646.04	10444
1649.056	10163
1652.071	10027
1655.085	9961
1658.098	9799
1661.109	9653
1664.119	9704
1667.128	9522
1670.136	9395
1673.143	9457
1676.149	9421
1679.153	9291
1682.156	9412
1685.159	9233
1688.16	9310
1691.16	9248
1694.158	9173
1697.156	9254
1700.152	9168
1703.148	9030
1706.142	9069
1709.135	9059
1712.127	8993
1715.118	8957
1718.107	8937
1721.096	9007
1724.083	8897
1727.069	8921
1730.054	8940
1733.038	8844
1736.021	8723
1739.003	8681
1741.983	8685
1744.963	8585
1747.941	8559
1750.918	8653
1753.894	8560
1756.869	8434
1759.843	8509
1762.815	8407
1765.787	8497
1768.757	8344
1771.726	8415
1774.694	8238
1777.661	8328
1780.627	8342
1783.592	8285
1786.555	8309
1789.518	8222
1792.479	8228
1795.439	8267
1798.398	8226
1801.356	8010
1804.313	8164
1807.268	8049
1810.223	8073
1813.177	8096
1816.129	8050
1819.08	8087
1822.03	7887
1824.979	7957
1827.927	8038
1830.874	7984
1833.819	7848
1836.764	7894
1839.707	7928
1842.649	8022
1845.59	7995
1848.53	7951
1851.469	8015
1854.407	7869
1857.344	7935
1860.279	7863
1863.214	7747
1866.147	7937
1869.079	7935
1872.01	7799
1874.941	7953
1877.869	7927
1880.797	7949
1883.724	7934
1886.649	7946
1889.574	7833
1892.497	7775
1895.42	7884
1898.341	7734
1901.261	7846
1904.18	7750
1907.098	7907
1910.014	7786
1912.93	7780
1915.844	7709
1918.758	7834
1921.67	7693
1924.581	7748
1927.492	7806
1930.401	7732
1933.308	7680
1936.215	7659
1939.121	7708
1942.026	7617
1944.929	7644
1947.832	7671
1950.733	7778
1953.633	7653
1956.532	7678
1959.431	7714
1962.328	7764
1965.223	7655
1968.118	7780
1971.012	7665
1973.905	7686
1976.796	7480
1979.687	7560
1982.576	7583
1985.464	7587
1988.351	7535
1991.237	7580
1994.122	7473
1997.006	7512
1999.889	7369
2002.771	7539
2005.651	7506
2008.531	7391
2011.41	7449
2014.287	7354
2017.163	7339
2020.038	7295
2022.913	7494
2025.786	7459
2028.658	7329
2031.529	7289
2034.398	7208
2037.267	7327
2040.135	7248
2043.001	7211
2045.867	7224
2048.731	7259
2051.595	7177
2054.457	7088
2057.318	7184
2060.178	7144
2063.038	7042
2065.896	7161
2068.753	7112
2071.608	7040
2074.463	7085
2077.317	7094
2080.17	7119
2083.021	6972
2085.872	7113
2088.721	6983
2091.57	6924
2094.417	6891
2097.263	7051
2100.108	6842
2102.952	6871
2105.795	6903
2108.637	6786
2111.478	6858
2114.318	6796
2117.157	6808
2119.995	6725
2122.831	6730
2125.667	6616
2128.501	6573
2131.335	6736
2134.167	6558
2136.999	6634
2139.829	6655
2142.658	6563
2145.486	6552
2148.313	6536
2151.139	6577
2153.965	6517
2156.788	6477
2159.611	6599
2162.433	6511
2165.254	6498
2168.074	6396
2170.892	6536
2173.71	6561
2176.527	6426
2179.342	6444
2182.156	6479
2184.97	6459
2187.782	6478
2190.594	6399
2193.404	6489
2196.213	6429
2199.021	6543
2201.829	6393
2204.635	6443
2207.44	6570
2210.244	6561
2213.047	6431
2215.848	6560
2218.649	6505
2221.449	6239
2224.248	6458
2227.046	6642
2229.842	6550
2232.638	6666
2235.433	6493
2238.226	6397
2241.019	6583
2243.81	6509
2246.601	6594
2249.39	6558
2252.178	6529
2254.966	6640
2257.752	6709
2260.537	6551
2263.322	6458
2266.105	6482
2268.887	6409
2271.668	6551
2274.448	6532
2277.227	6594
2280.005	6615
2282.782	6574
2285.558	6512
2288.333	6501
2291.107	6578
2293.88	6354
2296.652	6547
2299.422	6532
2302.192	6503
2304.961	6401
2307.729	6323
2310.495	6509
2313.261	6265
2316.026	6196
2318.789	6385
2321.552	6320
2324.313	6188
2327.074	6153
2329.833	6228
2332.592	6224
2335.349	6207
2338.106	6101
2340.861	6025
2343.616	6088
2346.369	6067
2349.121	6095
2351.873	6009
2354.623	5995
2357.372	6052
2360.121	6023
2362.868	5976
2365.614	5914
2368.359	5890
2371.104	5863
2373.847	5861
2376.589	5810
2379.33	5841
2382.071	5793
2384.81	5802
2387.548	5692
2390.285	5677
2393.021	5603
2395.756	5676
2398.49	5606
2401.223	5670
2403.955	5591
2406.687	5686
2409.417	5624
2412.146	5630
2414.874	5588
2417.601	5732
2420.327	5488
2423.052	5587
2425.776	5654
2428.499	5540
2431.221	5618
2433.942	5543
2436.662	5491
2439.381	5686
2442.099	5534
2444.816	5619
2447.532	5642
2450.247	5605
2452.961	5589
2455.674	5621
2458.385	5660
2461.096	5434
2463.807	5536
2466.516	5472
2469.223	5384
2471.93	5399
2474.636	5465
2477.342	5427
2480.045	5381
2482.749	5481
2485.45	5439
2488.152	5290
2490.852	5487
2493.551	5264
2496.249	5257
2498.946	5205
2501.642	5321
2504.337	5239
2507.031	5326
2509.724	5273
2512.416	5228
2515.107	5165
2517.797	5233
2520.486	5126
2523.175	5171
2525.862	5034
2528.548	5088
2531.233	5118
2533.917	5172
2536.6	5082
2539.282	5013
2541.964	4902
2544.644	4968
2547.323	5116
2550.001	4942
2552.679	4838
2555.355	4908
2558.031	4880
2560.705	4815
2563.378	4967
2566.051	4795
2568.722	4745
2571.393	4733
2574.062	4844
2576.73	4787
2579.398	4742
2582.064	4786
2584.73	4752
2587.395	4816
2590.058	4731
2592.721	4768
2595.382	4613
2598.043	4731
2600.703	4825
2603.361	4729
2606.019	4782
2608.676	4810
2611.332	4819
2613.987	4570
2616.64	4817
2619.293	4865
2621.945	4799
2624.596	4777
2627.246	4814
2629.895	4788
2632.543	4764
2635.19	4873
2637.836	4886
2640.481	4841
2643.126	4813
2645.769	4920
2648.411	4900
2651.052	4912
2653.693	4943
2656.332	4922
2658.97	4881
2661.608	4962
2664.244	5061
2666.88	5016
2669.514	4956
2672.148	4983
2674.781	5199
2677.412	5033
2680.043	5093
2682.673	5002
2685.301	4999
2687.929	4956
2690.556	5077
2693.182	5017
2695.807	4983
2698.431	5092
2701.054	4962
2703.676	5013
2706.297	5010
2708.917	4953
2711.536	4915
2714.155	5019
2716.772	4863
2719.388	4896
2722.004	4914
2724.618	4829
2727.232	4944
2729.844	4924
2732.456	4943
2735.066	4775
2737.676	4787
2740.285	4680
2742.893	4812
2745.5	4805
2748.105	4609
2750.71	4572
2753.314	4621
2755.917	4623
2758.52	4608
2761.121	4637
2763.721	4491
2766.32	4554
2768.918	4470
2771.516	4438
2774.112	4388
2776.708	4455
2779.302	4268
2781.896	4426
2784.489	4312
2787.08	4381
2789.671	4379
2792.261	4274
2794.85	4303
2797.438	4271
2800.025	4191
2802.611	4214
2805.196	4181
2807.78	4239
2810.364	4138
2812.946	4223
2815.527	4184
2818.108	4238
2820.688	4193
2823.266	4082
2825.844	4208
2828.42	4099
2830.996	4118
2833.571	4113
2836.145	4232
2838.718	4074
2841.29	4143
2843.861	4139
2846.432	4217
2849.001	4248
2851.569	4138
2854.137	4037
2856.703	4261
2859.269	4087
2861.833	4188
2864.397	4169
2866.96	4231
2869.522	4190
2872.083	4223
2874.643	4156
2877.202	4185
2879.76	4255
2882.317	4200
2884.874	4176
2887.429	4245
2889.983	4207
2892.537	4138
2895.089	4079
2897.641	4172
2900.192	4223
2902.742	4210
2905.291	4258
2907.839	4287
2910.386	4196
2912.932	4258
2915.477	4351
2918.022	4255
2920.565	4355
2923.108	4283
2925.649	4184
2928.19	4192
2930.729	4203
2933.269	4189
2935.806	4222
2938.344	4152
2940.879	4198
2943.415	4032
2945.949	4077
2948.482	4018
2951.015	4104
2953.546	3993
2956.077	4063
2958.607	4015
2961.135	3964
2963.663	3910
2966.19	3852
2968.716	3966
2971.241	3849
2973.766	3847
2976.289	3837
2978.812	3811
2981.333	3787
2983.854	3809
2986.374	3798
2988.892	3794
2991.41	3813
2993.927	3757
2996.443	3829
2998.958	3747
3001.473	3754
3003.986	3718
3006.499	3819
3009.01	3780
3011.521	3725
3014.031	3709
3016.54	3693
3019.048	3727
3021.555	3758
3024.061	3753
3026.566	3692
3029.071	3660
3031.574	3633
3034.077	3790
3036.578	3766
3039.079	3741
3041.579	3690
3044.078	3821
3046.576	3805
3049.073	3738
3051.57	3797
3054.065	3832
3056.56	3733
3059.053	3668
3061.546	3710
3064.038	3752
3066.529	3693
3069.019	3672
3071.508	3720
3073.996	3704
3076.484	3688
3078.97	3625
3081.456	3656
3083.94	3582
3086.424	3589
3088.907	3613
3091.389	3592
3093.87	3542
3096.351	3559
3098.83	3523
3101.309	3590
3103.786	3422
3106.263	3533
3108.739	3596
3111.214	3447
3113.688	3513
3116.161	3511
3118.633	3465
3121.105	3385
3123.575	3506
3126.045	3381
3128.514	3317
3130.982	3245
3133.448	3329
3135.915	3298
3138.38	3256
3140.844	3211
3143.308	3241
3145.771	3230
3148.232	3225
3150.693	3142
3153.153	3126
3155.612	3123
3158.07	3118
3160.528	3055
3162.984	2952
3165.44	3002
3167.895	2992
3170.348	3043
3172.801	3005
3175.253	2828
3177.705	2946
3180.155	2952
3182.604	2944
3185.053	2865
3187.501	2828
3189.948	2818